0.2228930343076256 4.256817954840526
0.23718770939025557 4.2212385803217725
0.2503742701253948 4.198216215024365
0.2635608308605341 4.184354581468334
0.2767473915956734 4.175555457558853
0.28993395233081265 4.169287588472648
0.3031205130659519 4.163501863162304
0.3163070738010912 4.156631314356272
0.3294936345362305 4.145300935623516
0.3426801952713697 4.130836622347658
0.355866756006509 4.113841054248525
0.3690533167416483 4.09395262349422
0.38223987747678756 4.0746668724597415
0.3954264382119268 4.056104337089057
0.4086129989470661 4.037903409550268
0.4217995596822054 4.021944450569238
0.43498612041734463 4.007287279783036
0.44817268115248393 3.9945104697226936
0.4613592418876232 3.9798050845589046
0.47454580262276247 3.96497916345115
0.4877323633579017 3.9507559220632222
0.500918924093041 3.9348451774597786
0.5141054848281803 3.918090681248576
0.5272920455633195 3.901215649093408
0.5404786062984588 3.884581688826171
0.5536651670335981 3.8661396893994517
0.5668517277687374 3.850108408852042
0.5800382885038766 3.834920879912391
0.593224849239016 3.819612815028774
0.6064114099741551 3.806233325248605
0.6195979707092945 3.795023482459815
0.6327845314444338 3.7852600709986106
0.6459710921795729 3.77646094708913
0.6591576529147123 3.7660948559080984
0.6723442136498515 3.7569341241667216
0.6855307743849908 3.748376072145172
0.6987173351201301 3.7407823076753464
0.7119038958552694 3.7321037197098312
0.7250904565904086 3.724148347408109
0.738277017325548 3.7154697594425943
0.7514635780606872 3.7046215244857006
0.7646501387958264 3.69582240057622
0.7778366995309657 3.686541132890878
0.791023260266105 3.6770187933176044
0.8042098210012443 3.6672553818564
0.8173963817363835 3.6556839312357132
0.8305829424715228 3.643871408727096
0.8437695032066621 3.633505317546064
0.8569560639418013 3.6226570825891704
0.8701426246769406 3.6130142070719313
0.8833291854120799 3.603009723722796
0.8965157461472192 3.592643632541764
0.9097023068823584 3.585049868071939
0.9228888676174977 3.5790230708736646
0.9351335311572699 3.5724538619275457
0.9505178520149323 3.5661257248693574
0.9624485498229155 3.559857855783152
0.9756351105580549 3.5525051632012574
0.9888216712931941 3.541536392300398
0.998240643246865 3.488540755603573
0.9994965061740211 3.3640592684056174
1 3.0
