0                         1166.3324625882994
1.3581386847653253E-6     1166.3170769200372
2.7162773695306506E-6     1166.271180634012
4.074416054295976E-6      1166.194773730223
5.432554739061301E-6      1166.0878562086702
6.7906934238266275E-6     1165.9504280693543
8.148832108591951E-6      1165.7824893122747
9.506970793357278E-6      1165.5840399374315
1.0865109478122602E-5     1165.355079944825
1.2223248162887929E-5     1165.095609334455
1.34929298166384E-5       1164.825234680404
1.4762611470388875E-5     1164.528204423182
1.6032293124139346E-5     1164.2045185627883
1.730197477788982E-5      1163.8541770992233
1.8571656431640296E-5     1163.4771800324866
1.9841338085390767E-5     1163.0735273625785
2.111101973914124E-5      1162.643219089499
2.2380701392891713E-5     1162.1862552132482
2.3650383046642188E-5     1161.702635733826
2.4800432883102383E-5     1161.2414443639016
2.5950482719562585E-5     1160.7584016966518
2.710053255602278E-5      1160.2535077320765
2.8250582392482976E-5     1159.7267624701756
2.9400632228943175E-5     1159.178165910949
3.0550682065403374E-5     1158.607718054397
3.170073190186357E-5      1158.0154189005195
3.285078173832377E-5      1157.4012684493168
3.400083157478397E-5      1156.7652667007883
3.504252905333737E-5      1156.1702452362556
3.6084226531890775E-5     1155.5573173513224
3.712592401044418E-5      1154.926483045988
3.816762148899758E-5      1154.2777423202535
3.920931896755099E-5      1153.6110951741182
4.02510164461044E-5       1152.926541607582
4.12927139246578E-5       1152.2240816206452
4.233441140321121E-5      1151.503715213308
4.337610888176461E-5      1150.7654423855697
4.4319655491274155E-5     1150.0812267480674
4.5263202100783696E-5     1149.3823411383257
4.6206748710293244E-5     1148.6687855563448
4.7150295319802786E-5     1147.9405600021241
4.809384192931232E-5      1147.197664475664
4.903738853882187E-5      1146.4400989769645
4.998093514833141E-5      1145.6678635060252
5.092448175784095E-5      1144.880958062847
5.1868028367350493E-5     1144.079382647429
5.272263863963582E-5      1143.3406718022766
5.3577248911921143E-5     1142.5899455570977
5.4431859184206475E-5     1141.8272039118924
5.5286469456491793E-5     1141.0524468666601
5.6141079728777125E-5     1140.2656744214016
5.699569000106245E-5      1139.4668865761164
5.7850300273347775E-5     1138.6560833308044
5.870491054563309E-5      1137.8332646854662
5.9559520817918425E-5     1136.998430640101
6.0333619583316144E-5     1136.2318578813788
6.110771834871387E-5      1135.45544402978
6.18818171141116E-5       1134.6691890853047
6.265591587950933E-5      1133.8730930479526
6.343001464490705E-5      1133.0671559177238
6.420411341030477E-5      1132.2513776946187
6.49782121757025E-5       1131.4257583786366
6.575231094110022E-5      1130.5902979697785
6.652640970649796E-5      1129.7449964680434
6.722759585435542E-5      1128.9708112169753
6.792878200221291E-5      1128.1885659715242
6.862996815007038E-5      1127.39826073169
6.933115429792786E-5      1126.5998954974723
7.003234044578533E-5      1125.793470268872
7.073352659364281E-5      1124.978985045888
7.143471274150028E-5      1124.1564398285211
7.213589888935776E-5      1123.3258346167715
7.283708503721523E-5      1122.4871694106384
7.3472199803193E-5        1121.720569371931
7.410731456917076E-5      1120.9473688592948
7.474242933514854E-5      1120.1675678727295
7.53775441011263E-5       1119.3811664122347
7.601265886710405E-5      1118.5881644778108
7.664777363308183E-5      1117.7885620694578
7.72828883990596E-5       1116.9823591871755
7.791800316503736E-5      1116.1695558309643
7.855311793101512E-5      1115.3501520008238
7.912836935603436E-5      1114.6022838803467
7.970362078105359E-5      1113.849010873102
8.027887220607282E-5      1113.0903329790901
8.085412363109205E-5      1112.3262501983106
8.142937505611129E-5      1111.5567625307635
8.200462648113052E-5      1110.7818699764491
8.257987790614975E-5      1110.0015725353671
8.315512933116898E-5      1109.215870207518
8.373038075618822E-5      1108.4247629929012
8.425140556717432E-5      1107.7035656585824
8.477243037816042E-5      1106.9779424769963
8.529345518914652E-5      1106.2478934481423
8.581448000013262E-5      1105.5134185720206
8.633550481111872E-5      1104.7745178486314
8.685652962210482E-5      1104.0311912779741
8.737755443309092E-5      1103.2834388600493
8.789857924407702E-5      1102.5312605948573
8.841960405506313E-5      1101.774656482397
8.889152539225845E-5      1101.085538752083
8.936344672945377E-5      1100.3927965611313
8.98353680666491E-5       1099.6964299095412
9.030728940384442E-5      1098.9964387973127
9.077921074103975E-5      1098.2928232244462
9.125113207823505E-5      1097.5855831909414
9.172305341543039E-5      1096.8747186967985
9.219497475262571E-5      1096.1602297420175
9.266689608982104E-5      1095.4421163265981
9.309437880788536E-5      1094.7884967943965
9.352186152594969E-5      1094.1319084214078
9.394934424401401E-5      1093.4723512076323
9.437682696207833E-5      1092.8098251530691
9.480430968014265E-5      1092.1443302577193
9.523179239820698E-5      1091.4758665215822
9.565927511627129E-5      1090.804433944658
9.608675783433562E-5      1090.130032526947
9.651424055239994E-5      1089.4526622684486
9.690154715768884E-5      1088.8363910817536
9.728885376297774E-5      1088.2176869333168
9.767616036826664E-5      1087.5965498231385
9.806346697355553E-5      1086.9729797512186
9.845077357884442E-5      1086.346976717557
9.883808018413333E-5      1085.7185407221536
9.922538678942221E-5      1085.0876717650087
9.961269339471111E-5      1084.4543698461223
1.0E-4                    1083.818634965494