1.52E-4                   998.2269717993748
1.5243134262164142E-4     997.5181137622563
1.5286268524328285E-4     996.8124727477183
1.5329402786492426E-4     996.1100487557604
1.537253704865657E-4      995.4108417863831
1.541567131082071E-4      994.7148518395859
1.5458805572984852E-4     994.0220789153691
1.5501939835148995E-4     993.3325230137326
1.5545074097313136E-4     992.6461841346764
1.5592545092842072E-4     991.8945091056713
1.5640016088371006E-4     991.1466067848484
1.5687487083899943E-4     990.4024771722076
1.5734958079428876E-4     989.662120267749
1.578242907495781E-4      988.9255360714724
1.5829900070486746E-4     988.1927245833781
1.587737106601568E-4      987.4636858034658
1.5924842061544616E-4     986.7384197317357
1.5977193370814624E-4     985.9429213659198
1.602954468008463E-4      985.1518256354639
1.608189598935464E-4      984.365132540368
1.6134247298624644E-4     983.5828420806325
1.618659860789465E-4      982.8049542562571
1.623894991716466E-4      982.0314690672418
1.6291301226434665E-4     981.2623865135868
1.6343652535704672E-4     980.4977065952918
1.6401424312634233E-4     979.6588582250414
1.64591960895638E-4       978.8250756868066
1.651696786649336E-4      977.9963589805874
1.6574739643422925E-4     977.1727081063838
1.6632511420352488E-4     976.3541230641958
1.669028319728205E-4      975.5406038540236
1.6748054974211616E-4     974.7321504758669
1.6805826751141177E-4     973.9287629297258
1.6869498716459824E-4     973.0490292255623
1.693317068177847E-4      972.1750837857921
1.6996842647097116E-4     971.3069266104152
1.7060514612415764E-4     970.4445576994317
1.7124186577734409E-4     969.5879770528416
1.7187858543053056E-4     968.7371846706448
1.72515305083717E-4       967.8921805528413
1.7315202473690348E-4     967.0529646994313
1.7385448118023718E-4     966.1336412768335
1.7455693762357088E-4     965.2209046978219
1.752593940669046E-4      964.3147549623957
1.759618505102383E-4      963.4151920705557
1.76664306953572E-4       962.5222160223014
1.7736676339690573E-4     961.6358268176331
1.7806921984023943E-4     960.7560244565504
1.7877167628357313E-4     959.8828089390538
1.7954643035939614E-4     958.9271012490864
1.8032118443521916E-4     957.9788433519335
1.8109593851104214E-4     957.0380352475948
1.8187069258686516E-4     956.1046769360709
1.8264544666268817E-4     955.1787684173612
1.8342020073851116E-4     954.260309691466
1.8419495481433417E-4     953.3493007583852
1.8496970889015718E-4     952.4457416181189
1.8582377236241933E-4     951.4580523186579
1.8667783583468147E-4     950.4787745578462
1.8753189930694364E-4     949.507908335684
1.8838596277920579E-4     948.5454536521709
1.8924002625146793E-4     947.591410507307
1.900940897237301E-4      946.6457789010925
1.9094815319599224E-4     945.7085588335271
1.918022166682544E-4      944.7797503046112
1.9274432661032007E-4     943.7646033286088
1.9368643655238575E-4     942.75889050642
1.9462854649445138E-4     941.7626118380452
1.9557065643651707E-4     940.775767323484
1.9651276637858275E-4     939.7983569627368
1.9745487632064838E-4     938.8303807558032
1.9839698626271406E-4     937.8718387026835
1.9933909620477975E-4     936.9227308033775
2.0037827343192066E-4     935.8863339858692
2.0141745065906157E-4     934.8604909381861
2.024566278862025E-4      933.8452016603279
2.0349580511334341E-4     932.8404661522948
2.0453498234048432E-4     931.8462844140867
2.0557415956762526E-4     930.8626564457038
2.0661333679476617E-4     929.8895822471459
2.0765251402190708E-4     928.927061818413
2.0879842225152438E-4     927.8774178592405
2.099443304811417E-4      926.8396461266052
2.1109023871075896E-4     925.8137466205071
2.1223614694037627E-4     924.7997193409464
2.1338205516999357E-4     923.7975642879228
2.1452796339961085E-4     922.8072814614364
2.1567387162922815E-4     921.8288708614874
2.1681977985884546E-4     920.8623324880756
2.1808345974209513E-4     919.8097163927239
2.1934713962534481E-4     918.7705726171998
2.206108195085945E-4      917.7449011615035
2.2187449939184417E-4     916.7327020256349
2.2313817927509385E-4     915.7339752095941
2.2440185915834353E-4     914.7487207133809
2.256655390415932E-4      913.7769385369953
2.269292189248429E-4      912.8186286804375
2.283227623328297E-4      911.7769465964301
2.297163057408165E-4      910.7506874269177
2.311098491488033E-4      909.7398511719006
2.3250339255679009E-4     908.7444378313784
2.3389693596477689E-4     907.7644474053515
2.3529047937276368E-4     906.7998798938196
2.3668402278075048E-4     905.8507352967829
2.3807756618873728E-4     904.9170136142413
2.3957309366164705E-4     903.9316433703497
2.4106862113455684E-4     902.9631244771922
2.4256414860746663E-4     902.0114569347687
2.4405967608037642E-4     901.0766407430795
2.455552035532862E-4      900.1586759021243
2.4705073102619597E-4     899.2575624119032
2.4854625849910574E-4     898.3733002724164
2.5004178597201555E-4     897.5058894836635
2.51558896936801E-4       896.6426718283358
2.530760079015865E-4      895.7960251814405
2.5459311886637194E-4     894.9659495429779
2.561102298311574E-4      894.152444912948
2.576273407959428E-4      893.3555112913507
2.591444517607283E-4      892.5751486781859
2.6066156272551373E-4     891.8113570734538
2.621786736902992E-4      891.0641364771543
2.6369578465508466E-4     890.3331122516041
2.652128956198701E-4      889.6181162621187
2.667300065846555E-4      888.9191485086982
2.68247117549441E-4       888.2362089913423
2.6976422851422645E-4     887.5692977100513
2.7128133947901186E-4     886.9184146648249
2.727984504437973E-4      886.2835598556634
2.743155614085828E-4      885.6647332825667
2.7583267237336824E-4     885.0616730524245
2.7734978333815365E-4     884.4742588610163
2.788668943029391E-4      883.9024907083423
2.803840052677246E-4      883.3463685944023
2.8190111623251004E-4     882.8058925191964
2.834182271972955E-4      882.2810624827247
2.849353381620809E-4      881.7718784849869
2.8645244912686637E-4     881.2783405259833
2.8796956009165183E-4     880.8002619254797
2.894866710564373E-4      880.3375617825511
2.910037820212227E-4      879.8902400971973
2.9252089298600816E-4     879.4582968694185
2.940380039507936E-4      879.0417320992146
2.955551149155791E-4      878.6405457865857
2.9707222588036455E-4     878.2547379315316
2.9858933684515E-4        877.8843085340526
3.0010644780993547E-4     877.5291254432616
3.016235587747209E-4      877.1891421965693
3.0314066973950634E-4     876.8643587939758
3.0465778070429175E-4     876.554775235481
3.061748916690772E-4      876.2603915210849
3.0769200263386267E-4     875.9812076507876
3.092091135986481E-4      875.717223624589
3.1072622456343354E-4     875.4684394424892
3.1224333552821895E-4     875.2347656711053
3.1376044649300447E-4     875.0161880623883
3.152775574577899E-4      874.8127066163382
3.1679466842257534E-4     874.624321332955
3.183117793873608E-4      874.4510322122386
3.1982889035214626E-4     874.2928392541892
3.213460013169317E-4      874.1497424588067
3.228631122817172E-4      874.021741826091
3.2438022324650254E-4     873.9087841507904
3.258973342112879E-4      873.8108871261772
3.2741444517607324E-4     873.7280507522518
3.289315561408586E-4      873.6602750290136
3.3044866710564395E-4     873.6075599564631
3.319657780704293E-4      873.5699055345999
3.3348288903521466E-4     873.5473117634243
3.35E-4                   873.5397786429362