1.0E-4                    1083.818634965494
1.0037424580319142E-4     1083.2031610734389
1.0074849160638284E-4     1082.587678752126
1.0112273740957428E-4     1081.9721880015557
1.014969832127657E-4      1081.3566888217272
1.0187122901595712E-4     1080.7411812126409
1.0224547481914854E-4     1080.1256651742967
1.0261972062233996E-4     1079.510140706695
1.0299396642553138E-4     1078.8946078098354
1.033682122287228E-4      1078.279066483718
1.0378000810903586E-4     1077.6017549312583
1.0419180398934892E-4     1076.9244333423137
1.04603599869662E-4       1076.2471017168841
1.0501539574997505E-4     1075.5697600549695
1.0542719163028814E-4     1074.8924083565698
1.058389875106012E-4      1074.2150466216854
1.0625078339091425E-4     1073.5376748503159
1.0666257927122733E-4     1072.8602930424615
1.0707437515154039E-4     1072.182901198122
1.0752746224046196E-4     1071.437575039765
1.0798054932938354E-4     1070.6922369661554
1.0843363641830514E-4     1069.9468869772927
1.0888672350722669E-4     1069.2015250731765
1.0933981059614827E-4     1068.4561512538075
1.0979289768506986E-4     1067.7107655191853
1.1024598477399141E-4     1066.96536786931
1.10699071862913E-4       1066.2199583041818
1.1115215895183457E-4     1065.4745368238002
1.116509241940633E-4      1064.6539517153744
1.1214968943629202E-4     1063.8333524963623
1.1264845467852077E-4     1063.0127391667634
1.1314721992074949E-4     1062.1921117265772
1.1364598516297821E-4     1061.3714701758047
1.1414475040520695E-4     1060.5508145144456
1.1464351564743567E-4     1059.7301447424995
1.151422808896644E-4      1058.9094608599669
1.1564104613189313E-4     1058.0887628668474
1.1618990421343105E-4     1057.1856229819425
1.1673876229496898E-4     1056.282466470848
1.1728762037650692E-4     1055.3792933335633
1.1783647845804485E-4     1054.4761035700883
1.1838533653958277E-4     1053.5728971804235
1.1893419462112069E-4     1052.6696741645687
1.1948305270265862E-4     1051.7664345225237
1.2003191078419655E-4     1050.863178254289
1.2058076886573447E-4     1049.9599053598643
1.2118290565843063E-4     1048.9689311147558
1.217850424511268E-4      1047.9779375055969
1.2238717924382297E-4     1046.9869245323869
1.2298931603651914E-4     1045.995892195126
1.235914528292153E-4      1045.0048404938148
1.2419358962191147E-4     1044.0137694284526
1.2479572641460764E-4     1043.0226789990395
1.253978632073038E-4      1042.031569205576
1.2599999999999997E-4     1041.0404400480613
1.2660213679269614E-4     1040.0492918584864
1.272042735853923E-4      1039.0581250261191
1.278064103780885E-4      1038.06693955096
1.2840854717078464E-4     1037.0757354330085
1.290106839634808E-4      1036.084512672265
1.2961282075617698E-4     1035.0932712687293
1.3021495754887314E-4     1034.1020112224014
1.308170943415693E-4      1033.1107325332816
1.3141923113426548E-4     1032.1194352013695
1.319680892158034E-4      1031.2158346985264
1.3251694729734135E-4     1030.312219317227
1.3306580537887928E-4     1029.4085890574713
1.3361466346041722E-4     1028.504943919259
1.3416352154195515E-4     1027.6012839025907
1.347123796234931E-4      1026.6976090074659
1.3526123770503102E-4     1025.7939192338847
1.3581009578656896E-4     1024.8902145818477
1.363589538681069E-4      1023.9864950513539
1.3685771911033562E-4     1023.1652430311657
1.3735648435256434E-4     1022.3439792130416
1.378552495947931E-4      1021.5227035969813
1.383540148370218E-4      1020.7014161829845
1.3885278007925054E-4     1019.8801169710518
1.3935154532147926E-4     1019.058805961183
1.39850310563708E-4       1018.2374831533776
1.4034907580593673E-4     1017.4161485476366
1.4084784104816545E-4     1016.594802143959
1.41300928137087E-4       1015.8486666859916
1.417540152260086E-4      1015.1025218798783
1.4220710231493017E-4     1014.3563677256193
1.4266018940385173E-4     1013.6102042232142
1.4311327649277328E-4     1012.864031372663
1.4356636358169486E-4     1012.117849173966
1.4401945067061644E-4     1011.371657627123
1.4447253775953803E-4     1010.6254567321344
1.4492562484845958E-4     1009.8792464889995
1.4533742072877264E-4     1009.2010327424487
1.4574921660908573E-4     1008.5228115805908
1.461610124893988E-4      1007.8445830034254
1.4657280836971186E-4     1007.1663470109529
1.4698460425002492E-4     1006.488103603173
1.4739640013033798E-4     1005.809852780086
1.4780819601065105E-4     1005.1315945416915
1.482199918909641E-4      1004.45332888799
1.4863178777127717E-4     1003.7750558189811
1.490060335744686E-4      1003.158625571774
1.4938027937766E-4        1002.54218944138
1.4975452518085146E-4     1001.9257474277982
1.5012877098404285E-4     1001.3092995310293
1.5050301678723433E-4     1000.692845751073
1.5087726259042572E-4     1000.0763860879294
1.5125150839361717E-4     999.4599205415985
1.516257541968086E-4      998.8434491120804
1.52E-4                   998.2269717993748